100,20.10,20.174,998.04,0.00,20.174,998.04,0.00,0.00,-0.08,0.00,99.929
100,20.10,20.069,984.71,1.37,20.131,985.52,1.25,0.31,0.00,-0.12,99.994
100,20.10,19.868,963.21,3.53,19.807,958.89,3.92,-0.31,-0.53,0.40,99.992
100,20.10,20.088,905.81,9.28,18.760,819.69,17.87,-6.61,-9.59,8.59,99.914
100,20.10,20.045,861.92,13.68,18.287,718.96,27.96,-8.77,-16.68,14.28,99.870
100,16.40,16.399,998.10,0.00,16.399,998.10,0.00,0.00,-0.07,0.00,99.988
100,16.40,16.432,981.41,1.63,16.392,978.63,1.95,-0.25,-0.35,0.32,99.883
100,16.40,16.540,959.48,3.85,16.312,946.55,5.16,-1.38,-1.42,1.32,99.901
100,16.40,16.376,874.15,12.43,14.770,738.09,26.05,-9.81,-15.65,13.62,99.858
100,16.40,16.556,804.51,19.43,14.318,605.90,39.29,-13.52,-24.78,19.86,99.826
100,16.40,16.545,705.38,29.44,13.253,490.72,50.83,-19.90,-30.53,21.40,99.856
100,13.50,13.501,998.11,0.00,13.501,998.11,0.00,0.00,-0.07,0.00,100.000
100,13.50,13.495,984.21,1.35,13.456,985.02,1.31,-0.29,0.01,-0.04,99.904
100,13.50,13.429,969.23,2.87,13.285,956.40,4.18,-1.07,-1.40,1.31,99.924
100,13.50,13.469,905.10,9.32,12.510,810.72,18.77,-7.11,-10.51,9.45,99.908
100,13.50,13.556,821.18,17.80,11.387,657.07,34.17,-16.00,-20.07,16.37,99.952
100,13.50,13.481,736.82,26.32,10.494,542.78,45.62,-22.16,-26.43,19.30,99.990
100,13.50,13.506,634.13,36.66,10.423,437.09,56.21,-22.83,-31.19,19.55,100.000
100,11.00,11.072,998.17,0.00,11.072,998.17,0.00,0.00,-0.07,0.00,100.000
100,11.00,11.088,978.68,1.98,11.060,967.49,3.07,-0.26,-1.22,1.09,100.000
100,11.00,10.976,952.96,4.57,10.798,908.34,9.00,-1.62,-4.76,4.43,100.000
100,11.00,11.000,911.31,8.76,10.176,820.08,17.84,-7.49,-10.09,9.08,100.000
100,11.00,11.126,838.22,16.13,9.114,687.98,31.08,-18.09,-18.01,14.95,100.000
100,11.00,11.050,642.91,35.76,8.439,470.11,52.90,-23.62,-26.99,17.15,100.000
100,11.00,11.260,614.46,38.63,8.776,445.66,55.35,-22.06,-27.59,16.73,100.000
100,11.00,11.094,522.36,47.87,8.568,368.50,63.08,-22.77,-29.59,15.21,99.986
100,9.10,9.109,998.22,0.00,9.109,998.22,0.00,0.00,-0.02,0.00,100.000
100,9.10,9.065,985.47,1.34,9.023,975.71,2.26,-0.47,-1.01,0.92,100.000
100,9.10,9.047,950.83,4.83,8.711,892.43,10.60,-3.72,-6.16,5.77,100.000
100,9.10,9.132,911.32,8.81,8.123,817.66,18.09,-11.05,-10.30,9.28,100.000
100,9.10,9.071,833.79,16.61,7.255,691.25,30.75,-20.02,-17.12,14.14,100.000
100,9.10,9.073,768.46,23.20,7.025,610.64,38.83,-22.57,-20.56,15.63,100.000
100,9.10,9.017,595.28,40.58,7.025,459.27,53.99,-22.09,-22.88,13.41,100.000
100,9.10,9.173,529.24,47.26,7.075,401.58,59.77,-22.88,-24.16,12.51,100.000
100,9.10,9.119,430.89,57.21,7.130,318.59,68.08,-21.81,-26.11,10.87,100.000
100,9.10,9.032,413.42,58.86,7.226,320.05,67.94,-19.99,-22.63,9.08,99.537
100,7.40,7.352,998.28,0.00,7.352,998.28,0.00,0.00,-0.06,0.00,100.000
100,7.40,7.442,977.78,2.09,7.162,953.32,4.50,-3.77,-2.56,2.41,99.980
100,7.40,7.342,956.67,4.23,6.435,898.34,10.01,-12.35,-6.16,5.78,100.000
100,7.40,7.479,905.53,9.38,5.708,800.04,19.86,-23.68,-11.71,10.48,100.000
100,7.40,7.422,783.19,21.70,5.369,631.35,36.76,-27.66,-19.46,15.06,100.000
100,7.40,7.492,706.31,29.43,5.567,558.12,44.09,-25.69,-21.06,14.66,100.000
100,7.40,7.374,555.43,44.60,5.793,447.47,55.18,-21.44,-19.54,10.57,100.000
100,7.40,7.413,519.48,48.22,5.797,412.93,58.64,-21.80,-20.62,10.41,99.995
100,7.40,7.522,454.25,54.79,5.838,354.67,64.47,-22.39,-22.04,9.69,99.987
100,6.10,6.086,998.36,0.00,6.086,998.36,0.00,0.00,-0.01,0.00,100.000
100,6.10,5.986,971.46,2.74,5.074,930.91,6.76,-15.24,-4.18,4.01,100.000
100,6.10,6.180,524.20,47.75,4.547,415.13,58.42,-26.42,-20.82,10.67,99.997
100,6.10,6.010,438.27,56.43,4.500,349.78,64.97,-25.12,-20.21,8.54,100.000
100,5.00,5.007,998.46,0.00,5.007,998.46,0.00,0.00,-0.02,0.00,100.000
100,5.00,4.986,986.08,1.28,4.795,978.00,2.05,-3.84,-0.84,0.77,100.000
100,5.00,5.253,455.59,54.63,3.857,374.19,62.52,-26.57,-17.91,7.89,100.000
100,5.00,5.025,398.24,60.41,3.737,332.54,66.70,-25.63,-16.54,6.29,100.000
100,5.00,5.249,299.63,70.14,4.302,275.89,72.37,-18.04,-7.99,2.23,99.485
90,19.50,19.833,979.97,0.00,19.833,979.97,0.00,0.00,-0.06,0.00,90.716
90,19.50,19.681,960.37,1.85,19.638,950.98,2.96,-0.22,-1.04,1.11,91.590
90,19.50,19.580,933.41,4.54,18.725,865.00,11.73,-4.37,-7.39,7.19,91.074
90,19.50,19.561,891.17,8.79,17.978,749.87,23.48,-8.09,-15.92,14.69,90.413
90,19.50,19.634,853.24,12.69,18.038,667.32,31.90,-8.13,-21.86,19.22,90.215
90,16.10,15.973,977.49,0.00,15.973,977.49,0.00,0.00,0.14,0.00,89.533
90,16.10,16.035,960.50,1.69,16.022,946.99,3.12,-0.08,-1.27,1.44,89.933
90,16.10,16.046,937.01,4.09,15.298,876.48,10.33,-4.66,-6.32,6.25,89.931
90,16.10,16.216,872.05,10.70,14.400,725.89,25.74,-11.20,-16.61,15.04,89.621
90,16.10,15.980,820.66,15.98,13.401,643.75,34.14,-16.14,-21.39,18.16,89.564
90,16.10,16.196,681.01,30.24,13.276,462.83,52.65,-18.03,-31.84,22.41,88.927
90,13.20,13.183,978.14,0.00,13.183,978.14,0.00,0.00,0.00,0.00,89.941
90,13.20,13.260,955.35,2.23,12.939,932.16,4.70,-2.42,-2.42,2.47,89.928
90,13.20,13.291,916.00,6.23,12.020,821.01,16.06,-9.57,-10.37,9.84,89.635
90,13.20,13.164,879.85,9.91,11.464,749.56,23.37,-12.91,-14.80,13.46,89.373
90,13.20,13.224,768.63,21.19,10.207,592.30,39.45,-22.81,-22.94,18.26,88.276
90,13.20,13.251,679.46,30.45,10.573,501.92,48.69,-20.21,-26.12,18.23,88.664
90,13.20,13.283,616.41,36.99,10.508,436.86,55.34,-20.89,-29.12,18.35,88.799
90,10.80,10.920,977.82,0.00,10.920,977.82,0.00,0.00,0.08,0.00,89.805
90,10.80,10.859,959.02,1.91,10.501,936.25,4.25,-3.30,-2.30,2.34,89.867
90,10.80,10.799,930.76,4.84,9.594,854.65,12.60,-11.16,-8.10,7.76,89.976
90,10.80,10.894,890.39,8.82,9.147,777.90,20.45,-16.03,-12.55,11.63,89.042
90,10.80,10.849,810.08,17.00,8.446,655.72,32.94,-22.15,-18.96,15.94,88.489
90,10.80,10.830,772.71,20.87,8.242,612.39,37.37,-23.89,-20.65,16.50,88.575
90,10.80,10.963,642.21,34.35,8.498,490.53,49.83,-22.48,-23.50,15.49,88.708
90,10.80,10.910,502.36,48.66,8.711,358.51,63.34,-20.15,-28.49,14.67,88.372
90,8.90,8.923,977.89,0.00,8.923,977.89,0.00,0.00,0.04,0.00,89.847
90,8.90,8.946,956.56,2.01,8.325,929.35,4.96,-6.94,-2.80,2.95,89.032
90,8.90,8.984,929.18,4.75,7.540,856.06,12.46,-16.08,-7.83,7.70,88.588
90,8.90,9.001,891.04,8.63,7.095,787.14,19.51,-21.17,-11.62,10.88,88.239
90,8.90,8.969,818.43,16.17,6.744,677.66,30.70,-24.80,-17.15,14.54,88.431
90,8.90,8.983,696.42,28.70,6.975,554.54,43.29,-22.35,-20.32,14.59,88.317
90,8.90,8.952,609.40,37.68,6.843,480.05,50.91,-23.56,-21.16,13.23,88.215
90,8.90,8.815,524.27,46.48,6.915,407.31,58.35,-21.56,-22.24,11.87,88.168
90,8.90,8.983,383.34,61.01,7.489,284.23,70.93,-16.63,-25.75,9.92,88.210
90,7.30,7.274,977.54,0.00,7.274,977.54,0.00,0.00,0.12,0.00,89.657
90,7.30,7.291,950.69,2.50,6.249,912.93,6.61,-14.29,-3.85,4.11,88.215
90,7.30,7.345,932.01,4.42,5.727,865.76,11.43,-22.02,-6.99,7.02,88.157
90,7.30,7.268,888.12,8.94,5.136,787.84,19.41,-29.34,-11.16,10.46,88.163
90,7.30,7.406,795.59,18.52,5.389,658.83,32.60,-27.23,-17.05,14.08,88.290
90,7.30,7.445,742.35,24.02,5.544,607.30,37.87,-25.54,-18.04,13.86,88.302
90,7.30,7.454,593.03,39.39,5.853,487.15,50.17,-21.48,-17.66,10.78,88.159
90,7.30,7.318,548.63,43.98,5.770,443.84,54.60,-21.15,-18.89,10.62,88.147
90,7.30,7.294,500.86,48.94,5.943,407.01,58.36,-18.52,-18.51,9.43,88.222
90,6.00,5.917,976.04,0.00,5.917,976.04,0.00,0.00,0.04,0.00,88.891
90,6.00,6.034,962.81,1.21,5.671,952.05,2.46,-6.01,-1.08,1.25,87.976
90,6.00,5.916,932.40,4.36,4.300,871.59,10.70,-27.32,-6.48,6.34,88.028
90,6.00,5.981,906.17,7.09,3.960,823.22,15.66,-33.79,-9.12,8.57,88.151
90,6.00,5.982,783.55,19.71,3.969,661.39,32.24,-33.65,-15.55,12.53,88.101
90,6.00,5.961,690.61,29.29,4.194,570.58,41.54,-29.65,-17.33,12.25,88.051
90,6.00,6.009,632.01,35.34,4.492,521.10,46.61,-25.25,-17.49,11.27,88.040
90,6.00,5.887,529.74,45.92,4.487,445.59,54.35,-23.79,-15.82,8.43,88.142
90,6.00,5.961,466.46,52.50,4.700,390.62,59.98,-21.15,-16.18,7.48,88.210
90,4.90,4.954,974.58,0.00,4.954,974.58,0.00,0.00,0.06,0.00,88.099
90,4.90,4.873,961.34,1.39,4.502,948.95,2.63,-7.60,-1.23,1.24,88.208
90,4.90,4.893,939.04,3.70,3.968,901.26,7.52,-18.91,-3.96,3.82,88.250
90,4.90,4.853,902.78,7.47,3.478,836.70,14.15,-28.33,-7.25,6.68,88.367
90,4.90,4.837,788.14,19.25,2.959,684.79,29.74,-38.83,-13.04,10.48,88.244
90,4.90,4.816,691.17,29.28,3.265,582.75,40.21,-32.21,-15.60,10.93,88.365
90,4.90,5.039,649.44,33.61,3.695,539.87,44.60,-26.67,-16.78,10.99,88.403
90,4.90,4.986,539.09,45.04,3.861,457.48,53.06,-22.55,-15.03,8.02,88.402
90,4.90,4.908,400.60,59.23,3.844,348.34,64.26,-21.68,-12.89,5.03,88.550
80,19.20,19.262,962.38,0.00,19.262,962.38,0.00,0.00,-0.05,0.00,81.595
80,19.20,19.206,945.49,1.67,19.205,941.92,2.13,-0.00,-0.43,0.46,81.287
80,19.20,19.210,920.24,4.24,18.412,870.96,9.50,-4.16,-5.41,5.26,81.081
80,19.20,19.384,871.52,9.28,17.564,739.72,23.14,-9.39,-15.18,13.86,80.904
80,19.20,19.203,842.83,11.79,17.621,674.17,29.95,-8.24,-20.07,18.15,79.249
80,19.20,19.302,822.77,14.35,17.264,629.75,34.56,-10.56,-23.52,20.21,80.853
80,15.80,15.803,962.06,0.00,15.803,962.06,0.00,0.00,0.07,0.00,81.277
80,15.80,15.724,940.29,2.00,15.610,923.00,4.06,-0.72,-1.76,2.06,81.104
80,15.80,15.786,909.94,5.10,14.848,829.63,13.77,-5.94,-8.75,8.66,80.655
80,15.80,15.762,830.81,13.12,13.778,660.79,31.32,-12.59,-20.38,18.20,79.032
80,15.80,15.780,777.44,18.77,13.048,580.12,39.70,-17.31,-25.29,20.93,79.162
80,15.80,15.816,663.01,30.82,12.968,438.64,54.41,-18.01,-33.73,23.58,79.263
80,12.90,12.861,962.54,0.00,12.861,962.54,0.00,0.00,0.03,0.00,81.456
80,12.90,12.890,939.59,1.87,12.723,924.23,3.98,-1.30,-1.60,2.11,80.144
80,12.90,12.977,906.79,5.15,11.979,830.93,13.67,-7.69,-8.33,8.53,79.328
80,12.90,12.872,878.01,8.20,11.401,768.94,20.11,-11.43,-12.38,11.91,79.505
80,12.90,13.040,853.26,10.64,11.312,724.80,24.70,-13.25,-15.02,14.06,78.727
80,12.90,12.781,802.39,16.19,10.307,646.09,32.88,-19.36,-19.44,16.68,79.693
80,12.90,13.079,661.13,30.95,10.354,490.49,49.04,-20.83,-25.76,18.10,79.339
80,12.90,12.887,590.37,38.41,10.421,411.31,57.27,-19.13,-30.27,18.85,79.465
80,10.70,10.700,962.25,0.00,10.700,962.25,0.00,0.00,0.07,0.00,81.204
80,10.70,10.703,938.54,1.80,10.416,918.30,4.57,-2.69,-2.09,2.77,79.680
80,10.70,10.689,910.12,4.78,9.506,835.87,13.13,-11.07,-8.09,8.36,79.586
80,10.70,10.687,868.95,9.11,8.941,753.23,21.72,-16.34,-13.24,12.61,79.594
80,10.70,10.709,791.36,17.38,8.340,634.28,34.08,-22.12,-19.77,16.71,80.082
80,10.70,10.579,750.27,21.67,8.063,588.09,38.88,-23.78,-21.53,17.22,79.835
80,10.70,10.628,561.10,41.52,8.682,411.68,57.22,-18.32,-26.52,15.70,79.856
80,10.70,10.775,488.96,49.07,8.727,340.15,64.65,-19.01,-30.30,15.58,79.699
80,8.70,8.807,960.61,0.00,8.807,960.61,0.00,0.00,0.05,0.00,80.276
80,8.70,8.636,939.55,1.65,8.300,925.34,3.67,-3.89,-1.46,2.02,79.456
80,8.70,8.684,905.68,5.21,7.193,828.03,13.80,-17.17,-8.52,8.59,79.431
80,8.70,8.696,866.72,9.44,6.750,758.27,21.06,-22.38,-12.45,11.62,80.125
80,8.70,8.701,790.16,17.43,6.504,646.76,32.67,-25.25,-18.09,15.24,79.728
80,8.70,8.806,771.13,19.24,6.756,628.46,34.58,-23.28,-18.44,15.34,78.311
80,8.70,8.736,727.34,24.04,6.519,580.15,39.61,-25.38,-20.17,15.57,79.646
80,8.70,8.777,672.57,29.62,6.848,542.01,43.58,-21.97,-19.34,13.96,78.312
80,8.70,8.769,587.01,38.74,6.812,463.30,51.77,-22.32,-20.99,13.03,79.425
80,8.70,8.674,511.12,46.71,6.908,399.30,58.43,-20.36,-21.78,11.72,79.044
80,8.70,8.858,350.19,63.60,7.053,238.18,75.21,-20.38,-31.84,11.60,78.763
80,8.00,8.018,956.48,0.00,8.018,956.48,0.00,0.00,0.00,0.00,79.427
80,8.00,7.891,937.28,1.97,7.072,909.02,4.96,-10.37,-3.01,2.99,79.357
80,8.00,7.904,917.97,3.98,6.515,858.28,10.27,-17.56,-6.50,6.29,79.280
80,8.00,8.019,872.91,8.67,6.204,776.95,18.77,-22.63,-10.99,10.10,79.078
80,8.00,7.971,762.19,20.34,6.072,626.05,34.55,-23.82,-17.86,14.21,79.238
80,8.00,8.064,703.75,26.52,6.228,572.76,40.12,-22.77,-18.61,13.59,79.434
80,8.00,8.073,591.04,38.38,6.555,488.65,48.91,-18.80,-17.32,10.53,79.432
80,8.00,8.044,517.64,46.10,6.506,418.92,56.20,-19.11,-19.06,10.10,79.462
80,8.00,8.015,489.69,49.06,6.531,393.91,58.82,-18.52,-19.55,9.75,79.581
80,7.10,7.167,959.57,0.00,7.167,959.57,0.00,0.00,0.04,0.00,79.753
80,7.10,7.216,945.52,1.13,6.984,936.60,2.39,-3.21,-0.90,1.27,79.707
80,7.10,7.154,932.29,2.57,6.194,893.93,6.84,-13.42,-4.07,4.27,79.975
80,7.10,7.104,917.91,4.09,5.558,853.59,11.04,-21.75,-6.97,6.95,80.020
80,7.10,7.102,912.41,4.73,5.424,842.93,12.16,-23.62,-7.57,7.43,80.329
80,7.10,7.169,870.67,9.13,4.941,767.38,20.03,-31.08,-11.82,10.89,80.442
80,7.10,7.117,722.90,24.50,5.143,585.88,38.94,-27.75,-18.90,14.45,79.598
80,7.10,7.175,673.25,29.71,5.306,544.40,43.27,-26.05,-19.08,13.55,79.548
80,7.10,7.066,552.35,42.38,5.431,448.06,53.31,-23.14,-18.81,10.93,79.017
80,7.10,7.108,518.47,45.95,5.541,419.79,56.25,-22.04,-18.96,10.30,78.961
80,7.10,7.284,485.85,49.40,5.693,390.93,59.26,-21.84,-19.46,9.86,78.749
80,6.60,6.614,950.70,0.57,6.494,950.70,0.00,-1.81,-0.26,-0.57,79.039
80,6.60,6.591,943.30,1.33,6.179,933.79,1.78,-6.25,-1.27,0.45,78.949
80,6.60,6.485,907.69,5.06,4.859,840.45,11.60,-25.07,-7.68,6.53,78.871
80,6.60,6.395,876.95,8.33,4.472,786.45,17.28,-30.06,-10.60,8.95,79.040
80,6.60,6.600,785.21,17.95,4.730,666.50,29.89,-28.34,-15.44,11.94,78.930
80,6.60,6.530,679.88,29.05,4.965,564.27,40.65,-23.96,-17.37,11.60,79.023
80,6.60,6.643,626.39,34.66,5.118,518.16,45.50,-22.96,-17.68,10.83,78.962
80,6.60,6.685,483.60,49.68,5.480,414.23,56.43,-18.02,-14.86,6.75,79.044
80,6.60,6.733,400.69,58.39,5.671,335.87,64.67,-15.77,-16.80,6.28,79.042
80,5.90,5.849,960.69,0.00,5.849,960.69,0.00,0.00,0.04,0.00,80.243
80,5.90,5.693,926.89,3.22,4.556,886.62,7.71,-19.96,-4.31,4.49,80.371
80,5.90,5.829,876.00,8.17,4.007,789.46,17.82,-31.26,-9.84,9.65,78.115
80,5.90,5.983,856.28,10.34,4.114,760.08,20.88,-31.25,-11.19,10.54,78.629
80,5.90,5.889,801.88,16.09,4.133,690.66,28.11,-29.82,-13.83,12.02,78.733
80,5.90,5.940,713.80,25.38,4.423,591.61,38.42,-25.54,-17.07,13.04,78.808
80,5.90,5.916,512.19,46.63,4.769,435.34,54.68,-19.39,-14.94,8.06,79.029
80,5.30,5.350,956.68,0.00,5.350,956.68,0.00,0.00,0.02,0.00,78.920
80,5.30,5.313,942.21,1.43,4.957,930.64,2.72,-6.69,-1.21,1.30,78.511
80,5.30,5.274,915.18,4.28,4.062,868.26,9.24,-22.98,-5.11,4.97,78.560
80,5.30,5.286,878.44,8.13,3.614,800.60,16.31,-31.64,-8.84,8.18,78.537
80,5.30,5.298,806.36,15.74,3.611,703.84,26.43,-31.85,-12.69,10.69,78.621
80,5.30,5.406,669.02,30.14,3.966,563.64,41.08,-26.64,-15.72,10.94,78.616
80,5.30,5.275,579.06,39.63,4.042,493.98,48.37,-23.38,-14.66,8.74,78.791
80,5.30,5.316,489.01,49.15,4.280,420.32,56.06,-19.50,-14.01,6.92,79.021
80,5.30,5.271,431.06,55.27,4.374,374.00,60.91,-17.01,-13.19,5.63,79.163
70,18.80,18.795,940.81,0.00,18.795,940.81,0.00,0.00,-0.05,0.00,70.606
70,18.80,18.826,914.48,1.82,18.852,913.06,2.95,0.14,-0.20,1.13,68.655
70,18.80,18.715,890.21,4.51,18.084,846.23,10.05,-3.37,-4.99,5.55,68.830
70,18.80,18.755,852.04,8.71,17.311,731.12,22.29,-7.70,-14.25,13.58,69.075
70,18.80,18.735,815.32,12.77,17.275,649.12,31.00,-7.79,-20.44,18.23,69.357
70,15.40,15.449,941.13,0.00,15.449,941.13,0.00,0.00,0.01,0.00,70.580
70,15.40,15.413,920.91,1.53,15.418,917.31,2.53,0.03,-0.38,1.00,69.251
70,15.40,15.521,897.84,3.94,15.044,858.04,8.83,-3.07,-4.42,4.88,68.996
70,15.40,15.463,875.32,6.35,14.533,795.38,15.49,-6.02,-9.12,9.14,68.980
70,15.40,15.418,762.72,18.41,12.551,573.60,39.05,-18.60,-24.79,20.64,68.875
70,15.40,15.393,672.78,28.08,12.511,463.90,50.71,-18.73,-31.04,22.63,68.928
70,12.70,12.623,941.63,0.00,12.623,941.63,0.00,0.00,-0.01,0.00,70.705
70,12.70,12.683,918.94,1.88,12.611,908.69,3.50,-0.57,-1.12,1.62,69.755
70,12.70,12.606,900.37,3.89,12.048,851.69,9.55,-4.43,-5.41,5.67,69.779
70,12.70,12.615,858.47,8.27,11.324,754.39,19.89,-10.23,-12.13,11.62,69.093
70,12.70,12.645,760.92,18.71,10.090,593.83,36.94,-20.21,-21.97,18.23,68.787
70,12.70,12.743,660.46,29.56,10.110,478.58,49.18,-20.66,-27.55,19.61,69.093
70,12.70,12.728,548.42,41.61,10.354,354.81,62.32,-18.66,-35.32,20.71,69.291
70,10.40,10.435,942.95,0.00,10.435,942.95,0.00,0.00,-0.06,0.00,71.309
70,10.40,10.474,924.16,1.75,10.262,907.32,3.78,-2.02,-1.88,2.03,71.105
70,10.40,10.422,921.41,1.77,10.195,906.12,3.91,-2.18,-1.72,2.13,69.778
70,10.40,10.383,896.25,4.35,9.456,835.74,11.37,-8.94,-6.82,7.02,69.170
70,10.40,10.385,835.60,10.84,8.504,712.06,24.49,-18.11,-14.85,13.65,69.242
70,10.40,10.453,749.33,20.20,8.027,587.36,37.71,-23.21,-21.69,17.51,69.929
70,10.40,10.406,707.87,24.69,7.883,546.13,42.08,-24.25,-22.93,17.39,70.287
70,10.40,10.516,603.05,35.91,8.090,447.60,52.53,-23.07,-25.87,16.62,70.112
70,10.40,10.384,551.76,41.41,8.218,398.76,57.71,-20.86,-27.83,16.30,70.090
70,8.50,8.535,942.91,0.00,8.535,942.91,0.00,0.00,-0.06,0.00,71.178
70,8.50,8.407,920.14,1.96,7.923,895.64,5.01,-5.76,-2.73,3.05,69.928
70,8.50,8.554,890.44,5.10,7.239,815.64,13.50,-15.37,-8.47,8.40,69.639
70,8.50,8.408,848.92,9.57,6.477,740.40,21.48,-22.97,-12.86,11.91,69.731
70,8.50,8.486,762.93,18.93,6.151,617.56,34.51,-27.51,-19.13,15.57,70.545
70,8.50,8.442,693.38,26.37,6.206,550.93,41.57,-26.48,-20.63,15.20,70.424
70,8.50,8.449,614.58,34.82,6.412,489.42,48.09,-24.10,-20.46,13.28,70.331
70,8.50,8.469,495.31,47.57,6.775,385.24,59.14,-20.01,-22.35,11.58,70.330
70,8.50,8.668,363.48,61.64,7.116,273.93,70.95,-17.91,-24.80,9.31,70.059
70,7.00,6.993,942.27,0.00,6.993,942.27,0.00,0.00,-0.05,0.00,70.763
70,7.00,7.029,918.41,2.16,6.311,887.28,5.84,-10.21,-3.44,3.67,69.414
70,7.00,6.956,901.66,4.02,5.592,842.52,10.59,-19.61,-6.61,6.57,69.747
70,7.00,7.002,866.69,7.83,4.878,771.75,18.10,-30.33,-11.01,10.26,70.142
70,7.00,7.086,824.14,12.48,4.776,705.62,25.12,-32.60,-14.44,12.64,70.655
70,7.00,7.004,701.56,25.52,4.915,570.55,39.45,-29.82,-18.75,13.93,70.273
70,7.00,7.033,542.64,42.46,5.340,446.50,52.61,-24.07,-17.81,10.15,69.954
70,7.00,7.082,509.30,46.04,5.424,418.37,55.60,-23.41,-17.95,9.56,69.894
70,7.00,7.110,447.26,52.68,5.559,367.03,61.05,-21.82,-18.05,8.37,69.871
70,5.70,5.710,941.99,0.00,5.710,941.99,0.00,0.00,-0.05,0.00,70.593
70,5.70,5.740,927.24,1.25,5.481,918.46,2.50,-4.50,-1.00,1.25,69.555
70,5.70,5.759,899.41,4.30,4.276,835.93,11.26,-25.75,-7.11,6.95,69.898
70,5.70,5.712,872.43,7.34,3.392,781.33,17.06,-40.62,-10.50,9.71,70.634
70,5.70,5.663,780.44,17.11,3.208,657.94,30.15,-43.34,-15.76,13.05,70.260
70,5.70,5.673,702.84,25.35,3.594,575.13,38.95,-36.64,-18.24,13.59,69.807
70,5.70,5.712,613.29,34.90,3.905,503.97,46.50,-31.64,-17.90,11.60,69.583
70,5.70,5.814,502.08,46.75,4.261,423.31,55.06,-26.70,-15.78,8.31,69.098
70,5.70,5.722,426.90,54.83,4.284,363.74,61.39,-25.13,-14.91,6.56,68.957
70,4.70,4.679,941.14,0.00,4.679,941.14,0.00,0.00,-0.01,0.00,70.121
70,4.70,4.620,902.98,3.98,3.541,854.17,9.24,-23.37,-5.42,5.26,70.201
70,4.70,4.657,678.02,27.93,2.670,564.37,40.03,-42.66,-16.78,12.10,69.321
70,4.70,4.776,606.10,35.62,3.050,503.73,46.48,-36.13,-16.91,10.86,69.183
70,4.70,4.792,456.09,51.64,3.434,396.96,57.82,-28.33,-12.99,6.19,68.694
70,4.70,4.664,405.87,57.04,3.465,352.71,62.52,-25.70,-13.12,5.48,68.869
60,18.50,18.531,920.77,0.00,18.531,920.77,0.00,0.00,-0.02,0.00,60.392
60,18.50,18.516,885.08,2.73,18.286,861.26,6.46,-1.24,-2.71,3.74,58.818
60,18.50,18.377,850.82,6.53,17.399,743.84,19.22,-5.32,-12.59,12.68,58.794
60,18.50,18.483,820.43,10.35,17.182,671.96,27.02,-7.04,-18.12,16.67,59.638
60,18.50,18.401,796.92,12.50,17.495,596.24,35.25,-4.93,-25.20,22.75,58.690
60,18.50,18.579,751.95,17.54,16.539,491.20,46.65,-10.98,-34.70,29.11,58.953
60,15.10,15.153,917.06,0.00,15.153,917.06,0.00,0.00,0.24,0.00,59.415
60,15.10,15.077,897.78,1.66,15.057,888.74,3.09,-0.14,-0.76,1.43,59.003
60,15.10,15.025,875.39,4.08,14.506,829.23,9.58,-3.46,-5.02,5.50,58.914
60,15.10,15.044,843.92,8.10,14.029,732.07,20.17,-6.75,-12.99,12.07,60.443
60,15.10,15.190,810.58,11.66,13.719,662.98,27.71,-9.68,-17.94,16.05,60.517
60,15.10,15.122,794.80,12.97,13.475,636.13,30.63,-10.89,-19.68,17.66,59.187
60,15.10,15.107,789.86,13.66,13.308,626.64,31.67,-11.91,-20.38,18.01,59.507
60,15.10,15.021,760.74,17.19,12.757,583.14,36.41,-15.07,-23.05,19.22,60.599
60,15.10,15.142,656.40,28.34,12.328,448.36,51.11,-18.58,-31.36,22.77,60.043
60,12.40,12.297,919.14,0.00,12.297,919.14,0.00,0.00,0.00,0.00,59.893
60,12.40,12.558,895.47,1.86,12.433,885.88,3.62,-0.99,-1.07,1.76,58.529
60,12.40,12.452,852.20,6.76,11.418,759.71,17.35,-8.30,-10.85,10.58,59.107
60,12.40,12.400,818.62,10.55,10.833,692.40,24.67,-12.64,-15.41,14.12,59.485
60,12.40,12.432,728.82,20.45,9.863,560.57,39.01,-20.66,-23.08,18.56,59.614
60,12.40,12.465,649.94,29.18,9.893,474.10,48.42,-20.64,-27.05,19.24,59.907
60,12.40,12.416,586.76,36.14,9.977,415.52,54.79,-19.64,-29.18,18.65,59.792
60,10.15,10.117,918.34,0.00,10.117,918.34,0.00,0.00,-0.05,0.00,59.579
60,10.15,10.141,903.92,1.43,9.947,892.69,2.79,-1.91,-1.30,1.36,59.632
60,10.15,10.129,876.30,4.54,9.262,812.30,11.55,-8.57,-7.36,7.00,60.183
60,10.15,10.206,840.01,8.56,8.736,736.68,19.78,-14.40,-12.36,11.22,60.494
60,10.15,10.235,755.49,17.84,7.827,599.34,34.74,-23.53,-20.73,16.90,60.714
60,10.15,10.177,716.88,22.03,7.653,557.03,39.34,-24.80,-22.36,17.31,60.562
60,10.15,10.232,562.21,38.97,8.058,414.51,54.86,-21.25,-26.36,15.90,60.745
60,10.15,10.183,515.13,44.13,8.170,369.96,59.71,-19.77,-28.28,15.58,60.808
60,8.30,8.312,918.56,0.00,8.312,918.56,0.00,0.00,-0.08,0.00,59.781
60,8.30,8.296,899.54,2.16,7.766,871.72,5.10,-6.39,-3.18,2.94,60.645
60,8.30,8.379,867.38,5.66,7.093,787.18,14.30,-15.35,-9.33,8.64,60.497
60,8.30,8.307,823.84,10.43,6.424,710.92,22.61,-22.66,-13.80,12.18,60.488
60,8.30,8.364,745.68,19.01,6.110,597.25,34.98,-26.95,-20.00,15.97,60.650
60,8.30,8.327,667.42,27.58,6.182,522.49,43.12,-25.76,-21.83,15.54,60.665
60,8.30,8.344,554.69,39.90,6.557,436.52,52.48,-21.41,-21.44,12.58,60.698
60,8.30,8.383,450.91,51.25,6.535,342.61,62.70,-22.05,-24.18,11.45,60.852
60,8.30,8.441,367.23,60.47,6.861,267.70,70.86,-18.72,-27.30,10.39,61.107
60,6.80,6.781,921.02,0.00,6.781,921.02,0.00,0.00,-0.14,0.00,61.104
60,6.80,6.781,902.12,2.01,6.286,881.97,4.24,-7.30,-2.38,2.23,60.639
60,6.80,6.766,901.73,2.02,6.173,875.67,4.92,-8.76,-3.03,2.91,60.510
60,6.80,6.807,887.23,3.60,5.776,839.54,8.85,-15.14,-5.52,5.24,60.561
60,6.80,6.893,850.68,7.59,5.080,762.42,17.22,-26.30,-10.53,9.63,60.537
60,6.80,6.779,830.39,9.70,4.782,732.03,20.52,-29.47,-12.00,10.82,60.561
60,6.80,6.810,732.54,20.50,4.805,595.57,35.34,-29.44,-18.87,14.84,60.568
60,6.80,6.786,685.94,25.61,4.905,549.72,40.31,-27.72,-20.05,14.70,60.643
60,6.80,6.887,650.41,29.39,5.205,526.23,42.86,-24.42,-19.29,13.47,60.597
60,6.80,6.900,529.96,42.66,5.310,427.49,53.59,-23.05,-19.58,10.92,60.895
60,6.80,6.836,489.28,47.11,5.373,394.42,57.18,-21.40,-19.65,10.06,60.852
60,6.80,6.851,448.36,51.61,5.325,358.65,61.06,-22.27,-20.29,9.45,60.883
60,5.65,5.608,921.22,0.00,5.608,921.22,0.00,0.00,-0.01,0.00,61.164
60,5.65,5.631,907.06,1.41,5.371,896.69,2.66,-4.62,-1.15,1.25,60.335
60,5.65,5.672,875.72,4.80,4.247,809.70,12.11,-25.12,-7.55,7.31,60.131
60,5.65,5.716,847.68,7.87,3.643,758.53,17.66,-36.28,-10.53,9.79,60.126
60,5.65,5.615,767.12,16.71,3.521,650.60,29.38,-37.30,-15.20,12.66,60.274
60,5.65,5.677,660.65,28.34,4.000,536.55,41.76,-29.54,-18.80,13.41,60.282
60,5.65,5.587,594.64,35.62,4.056,484.81,47.37,-27.40,-18.48,11.75,60.677
60,5.65,5.703,483.54,47.75,4.380,397.86,56.81,-23.20,-17.74,9.06,60.741
60,5.65,5.723,419.65,54.79,4.514,347.27,62.30,-21.11,-17.27,7.52,60.917
60,4.60,4.567,921.12,0.00,4.567,921.12,0.00,0.00,0.08,0.00,61.073
60,4.60,4.503,901.93,1.81,4.299,890.04,3.37,-4.53,-1.24,1.57,59.666
60,4.60,4.578,875.46,4.76,3.369,824.70,10.47,-26.40,-5.72,5.70,59.923
60,4.60,4.548,679.91,26.28,2.815,566.31,38.52,-38.09,-16.60,12.24,60.507
60,4.60,4.683,589.98,36.15,3.250,483.57,47.50,-30.61,-17.92,11.36,60.847
60,4.60,4.597,428.93,53.78,3.504,370.37,59.79,-23.78,-13.49,6.01,61.560
60,4.60,4.570,391.52,57.89,3.613,339.51,63.14,-20.93,-13.10,5.25,61.688
50,18.00,18.007,901.15,0.00,18.007,901.15,0.00,0.00,0.08,0.00,49.666
50,18.00,17.890,880.27,2.24,17.632,858.19,4.77,-1.44,-2.42,2.53,49.547
50,18.00,17.945,851.76,5.36,16.989,770.05,14.55,-5.32,-9.50,9.19,49.545
50,18.00,17.986,805.50,10.47,16.585,655.75,27.23,-7.79,-18.50,16.76,49.638
50,18.00,17.994,762.90,15.23,16.187,563.44,37.48,-10.04,-26.05,22.25,49.890
50,14.80,14.842,902.14,0.00,14.842,902.14,0.00,0.00,0.04,0.00,49.903
50,14.80,14.781,878.96,2.06,14.527,860.30,4.64,-1.72,-2.08,2.57,49.676
50,14.80,14.877,853.62,4.92,14.064,779.92,13.55,-5.46,-8.59,8.63,49.669
50,14.80,14.750,826.95,7.93,13.580,711.31,21.15,-7.93,-13.94,13.22,49.665
50,14.80,14.891,724.98,19.37,12.278,529.24,41.34,-17.55,-26.95,21.96,49.713
50,14.80,14.902,613.93,31.89,12.000,390.58,56.71,-19.47,-36.32,24.81,50.245
50,12.10,12.042,903.08,0.00,12.042,903.08,0.00,0.00,0.03,0.00,50.149
50,12.10,12.088,880.55,1.83,11.799,866.30,4.07,-2.39,-1.58,2.24,49.495
50,12.10,12.098,863.85,3.72,11.306,810.84,10.21,-6.55,-6.10,6.50,49.627
50,12.10,12.216,826.95,7.86,11.041,725.30,19.69,-9.62,-12.26,11.83,49.677
50,12.10,12.089,756.17,15.90,9.772,604.67,33.04,-19.17,-20.00,17.14,50.274
50,12.10,12.197,647.11,28.06,9.581,481.07,46.73,-21.45,-25.61,18.67,50.034
50,12.10,12.110,571.56,36.51,9.758,400.28,55.68,-19.42,-29.92,19.17,49.946
50,10.00,9.946,904.88,0.00,9.946,904.88,0.00,0.00,-0.04,0.00,50.898
50,10.00,9.971,875.59,2.41,9.444,847.68,6.32,-5.29,-3.23,3.91,49.860
50,10.00,9.983,867.88,3.29,9.215,816.06,9.82,-7.70,-6.01,6.53,49.888
50,10.00,9.926,851.30,5.12,8.913,777.85,14.04,-10.20,-8.67,8.92,49.803
50,10.00,9.880,808.95,9.90,8.212,695.94,23.09,-16.88,-14.02,13.19,49.921
50,10.00,9.997,715.95,20.36,7.668,560.44,38.07,-23.30,-21.77,17.71,50.193
50,10.00,9.994,677.54,24.66,7.636,522.06,42.31,-23.60,-23.00,17.65,50.151
50,10.00,9.995,528.36,41.29,8.108,384.84,57.47,-18.87,-27.24,16.18,49.697
50,10.00,9.965,468.19,48.01,8.049,327.77,63.78,-19.22,-30.07,15.77,49.566
50,8.10,8.132,904.30,0.00,8.132,904.30,0.00,0.00,0.02,0.00,50.393
50,8.10,8.157,881.16,1.95,7.701,855.27,5.42,-5.59,-2.92,3.48,50.650
50,8.10,8.103,856.15,4.74,7.062,787.86,12.88,-12.84,-7.96,8.14,50.652
50,8.10,8.103,822.32,8.59,6.561,724.43,19.89,-19.02,-11.88,11.30,51.001
50,8.10,8.208,741.44,17.70,6.215,598.64,33.80,-24.28,-19.24,16.10,51.400
50,8.10,8.273,643.85,28.58,6.286,504.74,44.18,-24.02,-21.58,15.60,51.392
50,8.10,8.284,565.12,37.38,6.516,443.63,50.94,-21.34,-21.47,13.57,51.267
50,8.10,8.157,491.42,45.67,6.325,379.81,58.00,-22.46,-22.68,12.33,51.535
50,8.10,8.202,369.21,59.37,6.861,267.97,70.37,-16.35,-27.38,11.00,51.747
50,6.70,6.666,904.76,0.00,6.666,904.76,0.00,0.00,-0.02,0.00,50.530
50,6.70,6.742,874.61,2.63,6.113,840.52,7.10,-9.33,-3.92,4.47,50.366
50,6.70,6.760,854.09,4.94,5.583,791.61,12.51,-17.42,-7.34,7.57,50.415
50,6.70,6.725,814.56,9.43,5.104,724.15,19.96,-24.10,-11.12,10.53,50.755
50,6.70,6.687,768.86,14.63,4.920,655.22,27.58,-26.42,-14.80,12.95,51.197
50,6.70,6.778,630.46,30.08,5.087,511.45,43.47,-24.94,-18.91,13.39,51.203
50,6.70,6.775,525.29,41.90,5.290,425.08,53.02,-21.91,-19.11,11.12,51.566
50,6.70,6.779,489.63,45.92,5.227,400.79,55.70,-22.88,-18.18,9.78,51.787
50,6.70,6.724,444.53,51.00,5.360,360.07,60.20,-20.28,-19.04,9.21,52.019
50,5.50,5.452,904.76,0.00,5.452,904.76,0.00,0.00,0.01,0.00,50.419
50,5.50,5.546,887.73,1.29,5.344,880.71,2.66,-3.65,-0.78,1.36,50.979
50,5.50,5.483,858.97,4.60,4.390,801.97,11.36,-19.93,-6.62,6.76,51.395
50,5.50,5.430,830.75,7.82,3.659,751.19,16.97,-32.61,-9.56,9.16,51.693
50,5.50,5.440,758.93,15.92,3.677,655.38,27.56,-32.40,-13.63,11.64,52.118
50,5.50,5.406,684.12,24.31,3.811,563.55,37.71,-29.49,-17.61,13.40,52.285
50,5.50,5.490,562.61,37.85,4.152,466.45,48.45,-24.38,-17.07,10.60,52.503
50,5.50,5.463,475.31,47.36,4.304,407.49,54.96,-21.21,-14.24,7.60,50.248
50,5.50,5.381,403.62,55.44,4.292,343.43,62.04,-20.24,-14.88,6.61,50.386
50,4.50,4.493,904.75,0.00,4.493,904.75,0.00,0.00,0.12,0.00,50.292
50,4.50,4.496,884.21,1.66,4.311,874.50,3.34,-4.11,-0.97,1.68,50.418
50,4.50,4.492,857.28,4.56,3.546,814.87,9.93,-21.07,-4.82,5.37,49.918
50,4.50,4.549,818.42,8.83,2.956,748.72,17.25,-35.02,-8.38,8.42,49.472
50,4.50,4.459,745.48,16.98,2.959,662.48,26.78,-33.65,-10.98,9.80,49.268
50,4.50,4.578,612.71,31.89,3.342,523.81,42.10,-27.00,-14.33,10.22,49.641
50,4.50,4.439,531.33,41.02,3.326,463.72,48.75,-25.07,-12.51,7.72,49.805
50,4.50,4.660,401.90,55.57,3.664,358.68,60.36,-21.37,-10.48,4.79,50.557
50,4.50,4.724,374.64,58.66,3.723,332.77,63.22,-21.20,-10.88,4.56,50.821
40,17.50,17.696,881.70,0.00,17.696,881.70,0.00,0.00,0.17,0.00,39.949
40,17.50,17.476,854.55,2.35,17.019,825.12,6.42,-2.62,-3.27,4.07,40.173
40,17.50,17.511,826.71,5.67,16.436,737.80,16.32,-6.14,-10.58,10.65,40.533
40,17.50,17.701,784.66,10.63,16.408,615.95,30.14,-7.30,-21.32,19.51,41.021
40,17.50,17.877,746.65,15.11,15.933,541.13,38.63,-10.87,-27.33,23.51,41.411
40,14.40,14.450,880.19,0.00,14.450,880.19,0.00,0.00,0.22,0.00,39.498
40,14.40,14.275,858.15,1.92,13.793,837.26,4.88,-3.38,-2.21,2.95,38.666
40,14.40,14.531,836.71,4.49,13.562,769.03,12.63,-6.67,-7.86,8.14,39.244
40,14.40,14.385,812.41,7.30,13.309,709.41,19.40,-7.48,-12.44,12.10,39.448
40,14.40,14.616,746.33,15.07,12.287,585.24,33.51,-15.93,-21.33,18.44,40.459
40,14.40,14.343,640.87,27.09,11.821,451.79,48.67,-17.59,-29.21,21.59,40.184
40,11.90,11.852,882.93,0.00,11.852,882.93,0.00,0.00,0.09,0.00,41.111
40,11.90,11.797,854.53,2.16,11.151,825.60,6.49,-5.48,-3.29,4.34,37.677
40,11.90,11.727,835.01,4.46,10.735,760.19,13.90,-8.46,-8.87,9.44,37.878
40,11.90,11.770,786.55,10.16,10.102,660.17,25.23,-14.17,-15.97,15.07,38.396
40,11.90,11.813,686.54,21.49,9.481,521.56,40.93,-19.74,-23.92,19.44,37.461
40,11.90,11.937,617.49,29.89,9.547,452.00,48.81,-20.02,-26.67,18.92,39.810
40,11.90,11.780,581.06,33.71,9.479,413.73,53.14,-19.54,-28.66,19.43,37.970
40,11.90,11.811,499.78,43.03,9.316,332.59,62.33,-21.12,-33.30,19.30,37.685
40,9.70,9.686,884.79,0.00,9.686,884.79,0.00,0.00,0.01,0.00,42.231
40,9.70,9.780,859.50,1.85,9.173,831.94,5.97,-6.21,-3.19,4.13,37.799
40,9.70,9.701,835.62,4.59,8.497,765.25,13.51,-12.41,-8.41,8.92,37.934
40,9.70,9.695,798.84,8.86,7.928,693.24,21.65,-18.23,-13.20,12.79,38.247
40,9.70,9.736,733.93,16.43,7.633,591.36,33.16,-21.59,-19.41,16.74,38.949
40,9.70,9.637,693.35,21.15,7.479,545.41,38.36,-22.40,-21.32,17.21,39.409
40,9.70,9.798,513.32,41.65,7.883,381.07,56.93,-19.55,-25.74,15.28,38.876
40,9.70,9.794,470.66,46.53,8.054,344.94,61.01,-17.77,-26.68,14.48,38.724
40,8.00,8.012,883.71,0.00,8.012,883.71,0.00,0.00,0.05,0.00,41.741
40,8.00,7.932,857.47,2.14,7.332,826.38,6.49,-7.56,-3.57,4.35,37.862
40,8.00,7.968,825.32,5.87,6.602,748.75,15.27,-17.14,-9.22,9.40,38.033
40,8.00,8.061,780.88,11.07,6.443,679.44,23.11,-20.07,-12.93,12.04,38.529
40,8.00,7.887,694.91,21.08,6.099,564.84,36.08,-22.67,-18.65,15.00,39.409
40,8.00,7.887,626.93,28.92,6.189,500.73,43.34,-21.54,-20.05,14.41,39.709
40,8.00,7.961,567.75,35.74,6.234,447.36,49.38,-21.69,-21.12,13.64,40.382
40,8.00,8.009,509.19,42.36,6.433,397.75,54.99,-19.67,-21.79,12.63,39.700
40,8.00,8.106,447.10,49.46,6.425,346.45,60.80,-20.75,-22.41,11.33,40.214
40,8.00,8.068,415.28,53.09,6.516,317.18,64.11,-19.23,-23.51,11.02,39.847
40,8.00,8.184,309.11,65.20,6.418,211.14,76.11,-21.58,-31.54,10.91,39.670
40,6.50,6.527,884.14,0.00,6.527,884.14,0.00,0.00,0.08,0.00,41.935
40,6.50,6.692,860.04,2.16,6.196,832.19,5.88,-7.42,-3.15,3.71,38.684
40,6.50,6.630,843.88,4.02,5.707,794.07,10.19,-13.92,-5.81,6.17,38.761
40,6.50,6.534,806.96,8.31,5.210,729.59,17.48,-20.26,-9.50,9.17,39.148
40,6.50,6.678,764.72,13.21,5.307,670.43,24.17,-20.54,-12.23,10.97,39.498
40,6.50,6.638,674.96,23.54,5.192,559.84,36.68,-21.78,-16.95,13.15,39.840
40,6.50,6.595,511.31,42.20,5.190,426.25,51.79,-21.31,-16.49,9.59,39.877
40,6.50,6.522,472.76,46.61,5.217,398.67,54.91,-20.01,-15.51,8.30,39.890
40,6.50,6.497,431.05,51.41,5.127,359.40,59.35,-21.08,-16.45,7.94,39.985
40,5.40,5.380,884.18,0.00,5.380,884.18,0.00,0.00,0.06,0.00,41.942
40,5.40,5.416,866.47,1.41,5.217,859.15,2.83,-3.69,-0.78,1.42,38.503
40,5.40,5.310,834.09,5.15,4.421,782.73,11.47,-16.74,-6.09,6.33,38.650
40,5.40,5.239,801.34,8.90,4.242,738.00,16.53,-19.04,-7.83,7.63,38.687
40,5.40,5.303,704.81,20.01,4.156,622.17,29.63,-21.62,-11.65,9.62,39.138
40,5.40,5.448,635.24,28.02,4.304,546.53,38.19,-21.00,-13.87,10.17,39.425
40,5.40,5.307,565.58,36.00,4.250,492.09,44.35,-19.92,-12.89,8.34,39.536
40,5.40,5.466,441.01,50.20,4.335,394.10,55.43,-20.68,-10.51,5.23,39.594
40,5.40,5.570,361.84,59.23,4.512,316.15,64.24,-19.00,-12.47,5.01,39.610
40,4.30,4.341,884.31,0.00,4.341,884.31,0.00,0.00,0.09,0.00,41.945
40,4.30,4.341,869.75,1.48,4.186,864.66,2.22,-3.58,-0.49,0.74,40.883
40,4.30,4.333,847.12,4.12,3.658,818.62,7.43,-15.57,-3.27,3.31,41.168
40,4.30,4.387,813.30,8.07,3.394,760.11,14.04,-22.64,-6.44,5.98,41.611
40,4.30,4.326,750.70,15.24,3.257,684.88,22.55,-24.71,-8.66,7.31,41.796
40,4.30,4.319,711.20,19.64,3.134,639.23,27.71,-27.44,-10.00,8.07,42.340
40,4.30,4.369,604.76,31.85,3.381,531.24,39.93,-22.61,-12.02,8.07,42.143
40,4.30,4.425,568.18,35.97,3.433,494.86,44.04,-22.43,-12.76,8.07,42.420
40,4.30,4.398,545.35,38.64,3.530,480.47,45.67,-19.73,-11.75,7.02,42.313
40,4.30,4.393,446.42,49.94,3.542,405.07,54.19,-19.38,-9.08,4.26,42.450
40,4.30,4.326,405.98,54.58,3.451,381.37,56.87,-20.23,-5.86,2.30,42.757
30,17.10,17.172,862.88,0.00,17.172,862.88,0.00,0.00,0.17,0.00,31.038
30,17.10,17.248,840.45,2.36,17.243,860.53,0.27,-0.03,2.56,-2.09,30.546
30,17.10,17.326,809.70,5.74,17.338,848.44,1.67,0.07,4.96,-4.07,30.233
30,17.10,17.264,764.12,10.96,16.492,771.57,10.58,-4.47,1.16,-0.38,29.996
30,17.10,16.984,718.78,16.18,15.674,635.19,26.39,-7.71,-11.43,10.21,29.717
30,14.10,14.003,863.86,0.00,13.970,863.86,0.00,-0.24,0.05,0.00,31.108
30,14.10,14.128,838.40,2.04,14.036,857.41,0.75,-0.65,2.32,-1.29,29.905
30,14.10,14.100,814.86,4.88,14.005,854.38,1.10,-0.67,4.91,-3.78,30.063
30,14.10,13.957,792.00,7.60,13.858,837.75,3.02,-0.71,5.83,-4.57,30.126
30,14.10,14.204,685.38,20.13,12.630,562.14,34.93,-11.09,-17.92,14.80,30.179
30,14.10,14.203,579.02,32.61,11.142,403.75,53.26,-21.55,-30.19,20.65,30.195
30,11.60,11.569,863.61,0.00,11.569,863.61,0.00,0.00,0.16,0.00,30.639
30,11.60,11.680,841.71,1.70,11.640,856.44,0.83,-0.34,1.92,-0.87,30.190
30,11.60,11.721,826.22,3.53,11.668,855.59,0.93,-0.45,3.72,-2.60,30.264
30,11.60,11.562,788.96,7.91,11.464,835.91,3.21,-0.85,6.13,-4.70,30.319
30,11.60,11.521,706.23,17.62,10.393,630.64,26.98,-9.79,-10.50,9.35,30.322
30,11.60,11.720,642.53,25.13,9.521,517.66,40.06,-18.77,-19.21,14.93,30.340
30,11.60,11.709,514.80,40.07,9.360,367.83,57.41,-20.06,-28.28,17.34,30.223
30,9.50,9.438,863.50,0.00,9.438,863.50,0.00,0.00,0.22,0.00,30.386
30,9.50,9.442,837.04,2.26,9.423,855.72,0.90,-0.21,2.46,-1.36,30.264
30,9.50,9.678,811.87,5.23,9.628,848.04,1.79,-0.52,4.69,-3.44,30.314
30,9.50,9.513,768.40,10.34,9.073,795.67,7.86,-4.62,3.80,-2.48,30.351
30,9.50,9.654,675.39,21.24,7.860,562.56,34.85,-18.58,-16.42,13.61,30.302
30,9.50,9.516,633.58,26.13,7.413,506.84,41.30,-22.10,-19.70,15.17,30.221
30,9.50,9.636,536.08,37.58,7.633,407.93,52.76,-20.79,-23.55,15.18,30.028
30,9.50,9.701,498.88,41.96,7.759,377.87,56.24,-20.02,-23.87,14.28,30.019
30,7.70,7.937,864.21,0.00,7.937,864.21,0.00,0.00,0.25,0.00,30.580
30,7.70,7.720,840.58,1.87,7.741,855.59,1.00,0.28,2.04,-0.87,30.338
30,7.70,7.732,817.08,4.63,7.699,851.32,1.49,-0.43,4.45,-3.13,30.285
30,7.70,7.695,784.48,8.46,7.474,823.35,4.73,-2.87,5.23,-3.74,30.293
30,7.70,7.877,703.30,17.95,6.379,628.17,27.31,-19.01,-10.38,9.36,30.035
30,7.70,7.707,637.34,25.71,5.877,525.62,39.18,-23.74,-17.20,13.47,29.952
30,7.70,7.719,533.17,37.96,6.336,426.95,50.60,-17.91,-19.52,12.64,29.995
30,7.70,7.885,479.87,44.26,6.536,383.28,55.65,-17.12,-19.69,11.39,29.995
30,7.70,7.812,344.30,60.18,6.588,258.35,70.11,-15.67,-24.35,9.93,29.975
30,6.40,6.386,863.90,0.00,6.386,863.90,0.00,0.00,0.24,0.00,30.377
30,6.40,6.445,832.57,2.92,6.428,855.65,0.96,-0.27,3.03,-1.97,30.007
30,6.40,6.422,811.60,5.38,6.326,842.37,2.49,-1.49,4.05,-2.89,30.053
30,6.40,6.504,762.22,11.11,5.678,752.35,12.91,-12.69,-1.02,1.80,29.844
30,6.40,6.325,707.78,17.45,4.717,635.16,26.48,-25.42,-9.96,9.02,29.656
30,6.40,6.432,610.77,28.86,4.875,507.62,41.24,-24.20,-16.54,12.38,29.705
30,6.40,6.480,517.15,39.89,5.302,425.24,50.78,-18.18,-17.36,10.89,29.831
30,6.40,6.539,488.71,43.24,5.446,403.98,53.24,-16.72,-16.91,9.99,29.864
30,6.40,6.507,447.26,48.13,5.369,365.60,57.68,-17.49,-17.79,9.55,29.837
30,5.20,5.293,865.63,0.00,5.293,865.63,0.00,0.00,0.03,0.00,31.164
30,5.20,5.180,849.00,0.95,5.175,859.04,0.76,-0.10,1.21,-0.19,29.783
30,5.20,5.183,827.54,3.45,5.134,854.14,1.33,-0.95,3.24,-2.12,29.706
30,5.20,5.478,807.02,5.86,5.271,835.89,3.44,-3.76,3.61,-2.42,29.648
30,5.20,5.282,744.25,13.22,4.018,713.20,17.61,-23.93,-4.14,4.39,29.511
30,5.20,5.297,658.83,23.41,3.751,570.39,34.11,-29.20,-13.39,10.70,30.392
30,5.20,5.284,572.07,33.57,3.905,475.26,45.10,-26.10,-16.88,11.53,30.358
30,5.20,5.198,471.75,45.34,4.156,394.25,54.46,-20.05,-16.38,9.12,30.330
30,5.20,5.274,384.56,55.55,4.407,328.58,62.04,-16.44,-14.49,6.49,30.195
30,4.20,4.294,865.48,0.00,4.294,865.48,0.00,0.00,0.07,0.00,30.968
30,4.20,4.203,843.10,1.84,4.167,855.50,1.15,-0.86,1.54,-0.68,29.987
30,4.20,4.335,817.58,4.80,4.215,832.09,3.86,-2.77,1.85,-0.95,29.918
30,4.20,4.188,775.92,9.66,3.171,742.96,14.16,-24.29,-4.17,4.50,29.821
30,4.20,4.352,682.96,20.58,2.914,612.07,29.28,-33.04,-10.29,8.70,30.066
30,4.20,4.360,582.72,32.30,3.047,494.77,42.83,-30.11,-14.99,10.53,30.041
30,4.20,4.176,501.41,41.81,3.091,428.41,50.50,-25.97,-14.43,8.69,30.002
30,4.20,4.243,379.11,56.12,3.457,331.63,61.68,-18.53,-12.36,5.56,29.981
30,4.20,4.438,339.76,60.72,3.781,292.63,66.19,-14.80,-13.69,5.47,30.038
20,17.00,16.774,842.90,0.00,16.774,842.90,0.00,0.00,0.27,0.00,20.738
20,17.00,16.876,829.73,1.34,16.867,840.67,0.26,-0.06,1.60,-1.08,20.810
20,17.00,16.854,813.99,3.35,16.853,841.66,0.15,-0.00,3.68,-3.20,20.864
20,17.00,16.806,779.42,7.37,16.792,830.46,1.48,-0.08,6.84,-5.90,21.244
20,17.00,16.780,752.28,9.62,16.775,805.76,4.41,-0.03,7.42,-5.21,20.156
20,17.00,16.735,737.18,12.34,16.515,781.58,7.27,-1.32,6.34,-5.07,21.177
20,13.80,13.752,844.03,0.00,13.752,844.03,0.00,0.00,0.28,0.00,20.685
20,13.80,13.866,819.80,2.28,13.819,838.48,0.66,-0.33,2.57,-1.63,20.980
20,13.80,13.918,792.22,5.62,13.880,833.29,1.27,-0.27,5.49,-4.34,21.032
20,13.80,13.736,765.82,8.80,13.739,810.20,4.01,0.02,6.11,-4.79,21.084
20,13.80,13.945,693.27,17.51,12.747,657.21,22.13,-8.59,-4.86,4.62,21.063
20,13.80,13.723,668.65,19.77,12.536,615.77,27.04,-8.64,-7.55,7.27,19.960
20,13.80,13.799,615.72,26.83,12.083,494.78,41.38,-12.44,-19.26,14.55,21.030
20,11.20,11.143,844.98,0.00,11.143,844.98,0.00,0.00,0.26,0.00,20.940
20,11.20,11.227,823.57,1.80,11.234,838.27,0.79,0.06,2.05,-1.01,20.892
20,11.20,11.286,807.53,3.72,11.293,837.63,0.87,0.06,4.00,-2.85,20.875
20,11.20,11.337,771.70,8.01,11.316,823.06,2.59,-0.18,6.94,-5.42,20.856
20,11.20,11.255,698.18,16.84,10.215,686.62,18.74,-9.23,-1.34,1.90,20.874
20,11.20,11.441,565.73,32.68,9.215,433.55,48.69,-19.46,-22.97,16.02,20.757
20,11.20,11.417,507.96,39.63,9.223,373.00,55.86,-19.22,-26.13,16.23,20.745
20,9.30,9.421,845.23,0.00,9.421,845.23,0.00,0.00,0.23,0.00,20.920
20,9.30,9.264,819.72,2.27,9.278,839.04,0.73,0.15,2.59,-1.54,20.565
20,9.30,9.235,791.63,5.64,9.225,831.69,1.60,-0.11,5.30,-4.03,20.589
20,9.30,9.428,744.72,11.25,9.217,778.09,7.94,-2.23,4.74,-3.31,20.602
20,9.30,9.413,689.36,17.27,8.425,683.76,19.10,-10.50,-0.54,1.83,19.490
20,9.30,9.308,662.69,21.07,7.832,582.23,31.12,-15.85,-11.85,10.05,20.577
20,9.30,9.443,632.45,24.69,7.768,531.71,37.09,-17.74,-15.63,12.40,20.557
20,9.30,9.419,535.58,36.32,7.502,418.26,50.52,-20.35,-21.55,14.19,20.455
20,9.30,9.446,498.64,40.77,7.679,382.33,54.77,-18.70,-22.94,14.00,20.429
20,7.70,7.661,845.41,0.00,7.661,845.41,0.00,0.00,0.29,0.00,20.802
20,7.70,7.564,822.95,1.85,7.576,838.34,0.84,0.17,2.16,-1.01,20.349
20,7.70,7.582,800.38,4.56,7.570,835.89,1.13,-0.16,4.74,-3.44,20.357
20,7.70,7.666,770.70,8.14,7.582,820.20,2.98,-1.10,6.74,-5.15,20.363
20,7.70,7.680,702.91,16.27,6.581,682.89,19.22,-14.31,-2.50,2.95,20.289
20,7.70,7.620,627.76,25.28,5.757,530.68,37.23,-24.45,-15.08,11.95,20.186
20,7.70,7.773,529.03,37.13,6.132,420.31,50.28,-21.11,-20.09,13.15,20.218
20,7.70,7.802,446.13,47.08,6.584,355.51,57.95,-15.61,-19.77,10.86,20.133
20,7.70,7.847,297.64,64.85,6.686,217.27,74.30,-14.80,-26.19,9.45,20.173
20,6.20,6.316,845.91,0.00,6.316,845.91,0.00,0.00,0.24,0.00,20.783
20,6.20,6.245,818.03,2.64,6.231,839.63,0.74,-0.22,2.89,-1.89,20.384
20,6.20,6.087,796.83,5.16,6.025,832.48,1.59,-1.02,4.73,-3.57,20.349
20,6.20,6.240,751.77,10.54,5.733,771.21,8.83,-8.11,2.86,-1.71,20.298
20,6.20,6.234,708.94,15.65,5.075,677.15,19.95,-18.60,-4.20,4.30,20.241
20,6.20,6.336,583.83,30.61,4.674,483.75,42.81,-26.23,-16.79,12.21,20.165
20,6.20,6.367,487.58,42.17,5.223,402.68,52.40,-17.97,-16.99,10.23,20.212
20,6.20,6.418,459.62,45.53,5.364,376.93,55.44,-16.42,-17.55,9.91,20.207
20,6.20,6.154,402.21,52.40,5.263,331.53,60.81,-14.48,-17.07,8.41,20.038
20,5.20,5.149,846.54,0.00,5.149,846.54,0.00,0.00,0.20,0.00,20.771
20,5.20,5.235,830.84,1.14,5.260,840.45,0.72,0.47,1.36,-0.42,20.567
20,5.20,5.273,806.00,4.10,5.231,835.69,1.28,-0.80,3.89,-2.82,20.546
20,5.20,5.153,779.66,7.24,4.928,807.63,4.60,-4.35,3.80,-2.64,20.436
20,5.20,5.154,762.99,8.31,4.833,790.14,6.66,-6.22,3.77,-1.65,19.053
20,5.20,5.224,709.35,15.64,4.032,670.00,20.85,-22.81,-5.31,5.21,20.348
20,5.20,5.140,605.87,28.04,3.543,512.93,39.41,-31.06,-15.07,11.37,20.394
20,5.20,5.115,583.69,30.00,3.585,487.40,42.42,-29.91,-16.21,12.42,19.022
20,5.20,5.162,542.70,35.61,3.752,453.61,46.42,-27.32,-16.11,10.80,20.395
20,5.20,5.265,442.99,47.56,4.269,372.16,56.04,-18.92,-15.62,8.48,20.449
20,5.20,5.106,406.74,51.41,4.174,341.12,59.70,-18.25,-15.73,8.30,19.212
20,5.20,5.125,357.03,57.85,4.403,303.73,64.12,-14.09,-14.46,6.27,20.356
20,4.20,4.294,847.48,0.00,4.294,847.48,0.00,0.00,0.21,0.00,20.922
20,4.20,4.218,826.14,1.73,4.207,839.83,0.90,-0.27,1.87,-0.82,20.350
20,4.20,4.308,801.48,4.66,4.196,823.42,2.84,-2.59,2.96,-1.82,20.287
20,4.20,4.295,763.20,9.23,3.620,756.40,10.75,-15.73,-0.66,1.51,20.234
20,4.20,4.238,698.64,16.98,2.842,642.97,24.13,-32.95,-7.71,7.15,20.298
20,4.20,4.192,560.28,33.49,2.815,473.74,44.10,-32.85,-15.13,10.61,20.289
20,4.20,4.262,527.08,36.97,3.037,436.31,48.52,-28.75,-16.88,11.54,19.639
20,4.20,4.195,502.06,40.47,2.966,422.22,50.18,-29.29,-15.55,9.71,20.303
20,4.20,4.361,405.46,51.68,3.432,340.59,59.81,-21.29,-15.56,8.13,19.888
20,4.20,4.259,379.54,55.13,3.488,326.07,61.53,-18.11,-13.62,6.40,20.318
20,4.20,4.279,337.54,60.15,3.699,290.47,65.73,-13.55,-13.42,5.58,20.331
10,16.40,16.370,822.80,0.00,16.370,822.80,0.00,0.00,0.06,0.00,10.538
10,16.40,16.405,807.91,1.73,16.404,822.01,0.10,-0.01,1.81,-1.63,10.558
10,16.40,16.356,786.08,4.34,16.351,821.33,0.18,-0.03,4.55,-4.16,10.636
10,16.40,16.523,743.91,9.39,16.609,800.69,2.69,0.52,7.70,-6.70,10.662
10,16.40,16.341,706.61,13.87,16.362,757.67,7.92,0.13,7.30,-5.96,10.602
10,13.40,13.469,823.66,0.00,13.469,823.66,0.00,0.00,0.06,0.00,10.557
10,13.40,13.451,800.76,2.10,13.422,818.63,0.61,-0.21,2.29,-1.49,10.333
10,13.40,13.448,775.06,5.30,13.420,818.35,0.65,-0.21,5.65,-4.66,10.410
10,13.40,13.531,752.55,8.09,13.526,811.14,1.52,-0.04,7.85,-6.57,10.414
10,13.40,13.457,658.74,19.65,12.522,653.69,20.64,-6.95,-0.70,0.99,10.460
10,13.40,13.569,585.38,28.70,12.469,496.19,39.76,-8.11,-15.15,11.06,10.503
10,11.00,11.010,824.19,0.00,11.010,824.19,0.00,0.00,0.12,0.00,10.438
10,11.00,11.026,801.34,2.00,11.007,817.91,0.76,-0.18,2.19,-1.23,10.290
10,11.00,11.032,783.75,4.16,11.014,817.63,0.80,-0.16,4.45,-3.37,10.303
10,11.00,11.087,744.75,8.96,11.071,805.64,2.25,-0.14,8.30,-6.70,10.287
10,11.00,11.135,683.33,16.53,10.797,725.58,11.96,-3.04,6.32,-4.56,10.322
10,11.00,11.008,595.13,27.37,9.910,525.73,36.21,-9.97,-11.50,8.84,10.281
10,11.00,11.089,486.64,40.69,9.231,373.26,54.71,-16.75,-23.10,14.02,10.239
10,9.00,9.048,824.39,0.00,9.048,824.39,0.00,0.00,0.10,0.00,10.398
10,9.00,9.043,802.25,1.96,9.031,818.67,0.69,-0.14,2.15,-1.27,10.094
10,9.00,9.052,778.47,4.89,9.033,817.72,0.81,-0.21,5.15,-4.08,10.111
10,9.00,9.042,741.45,9.45,9.008,800.65,2.88,-0.37,8.10,-6.57,10.134
10,9.00,9.034,647.52,20.98,7.896,615.71,25.31,-12.59,-4.79,4.34,10.063
10,9.00,9.003,612.80,25.26,7.681,546.64,33.69,-14.68,-10.66,8.44,10.132
10,9.00,9.133,484.75,40.95,7.556,381.65,53.71,-17.27,-21.10,12.75,10.097
10,9.00,9.075,418.12,49.10,7.661,321.51,61.00,-15.58,-22.91,11.90,10.077
10,7.40,7.403,824.79,0.00,7.403,824.79,0.00,0.00,0.14,0.00,10.347
10,7.40,7.435,798.80,2.37,7.428,818.26,0.79,-0.10,2.58,-1.58,10.010
10,7.40,7.425,770.74,5.82,7.401,814.39,1.26,-0.33,5.81,-4.56,9.993
10,7.40,7.487,751.87,8.16,7.453,808.96,1.92,-0.46,7.74,-6.24,10.045
10,7.40,7.508,684.01,16.50,6.896,701.23,14.98,-8.15,2.68,-1.52,10.008
10,7.40,7.502,610.92,25.48,6.029,543.55,34.10,-19.63,-10.85,8.62,9.980
10,7.40,7.359,524.64,36.10,5.738,427.88,48.12,-22.04,-18.23,12.02,9.944
10,7.40,7.337,443.55,46.08,6.147,356.27,56.80,-16.22,-19.43,10.72,9.911
10,7.40,7.419,292.20,64.63,6.379,230.42,72.06,-14.02,-20.76,7.43,9.883
10,6.10,6.091,824.98,0.00,6.091,824.98,0.00,0.00,0.09,0.00,10.353
10,6.10,6.157,795.60,2.82,6.146,818.68,0.76,-0.18,3.00,-2.06,10.019
10,6.10,6.170,776.35,5.18,6.139,815.45,1.16,-0.50,5.13,-4.02,10.003
10,6.10,6.019,731.14,10.73,5.683,765.70,7.19,-5.59,4.83,-3.54,9.975
10,6.10,6.011,689.39,15.86,5.221,686.03,16.84,-13.14,-0.38,0.98,9.980
10,6.10,6.126,568.33,30.72,4.436,475.15,42.40,-27.59,-16.26,11.68,9.985
10,6.10,6.096,473.05,42.46,5.003,392.02,52.48,-17.93,-16.97,10.02,10.018
10,6.10,6.155,445.80,45.83,5.214,369.13,55.26,-15.29,-17.03,9.42,10.055
10,6.10,6.118,406.39,50.71,5.308,333.73,59.55,-13.24,-17.69,8.84,10.066
10,5.00,5.005,825.11,0.00,5.005,825.11,0.00,0.00,0.09,0.00,10.295
10,5.00,4.977,810.53,0.96,4.985,818.60,0.79,0.15,1.08,-0.17,9.977
10,5.00,4.997,789.93,3.48,5.005,817.72,0.89,0.15,3.61,-2.58,9.963
10,5.00,5.068,743.65,9.16,4.729,770.04,6.67,-6.69,3.65,-2.49,9.911
10,5.00,4.954,667.59,18.52,3.644,619.24,24.95,-26.45,-7.14,6.43,9.910
10,5.00,4.986,600.05,26.85,3.373,513.66,37.75,-32.35,-14.28,10.90,9.923
10,5.00,4.965,550.76,32.93,3.483,466.38,43.48,-29.85,-15.19,10.55,9.907
10,5.00,5.009,485.05,41.06,3.727,408.78,50.46,-25.59,-15.58,9.40,9.933
10,5.00,5.128,372.30,54.89,4.423,313.71,61.98,-13.75,-15.54,7.09,9.910
10,4.10,4.098,825.11,0.00,4.098,825.11,0.00,0.00,0.14,0.00,10.170
10,4.10,4.119,804.60,1.75,4.116,818.70,0.78,-0.07,1.89,-0.97,9.770
10,4.10,4.132,778.41,4.96,4.053,806.72,2.23,-1.90,3.78,-2.73,9.752
10,4.10,4.136,743.80,9.20,3.612,748.21,9.32,-12.66,0.75,0.12,9.727
10,4.10,4.185,681.31,16.89,3.080,634.65,23.08,-26.40,-6.68,6.19,9.748
10,4.10,4.094,561.11,31.64,2.786,475.52,42.37,-31.95,-15.05,10.73,9.761
10,4.10,4.138,493.18,39.98,2.828,413.85,49.84,-31.65,-15.86,9.86,9.779
10,4.10,4.077,397.46,51.78,3.119,339.06,58.91,-23.50,-14.41,7.13,9.766
10,4.10,4.305,328.93,60.13,3.714,285.57,65.39,-13.74,-12.84,5.26,9.818
2,16.00,15.878,801.38,0.00,15.878,801.38,0.00,0.00,0.16,0.00,2.111
2,16.00,16.101,782.21,2.25,16.099,799.84,0.19,-0.01,2.42,-2.06,2.158
2,16.00,16.073,754.96,5.56,16.076,798.58,0.35,0.02,5.95,-5.21,2.165
2,16.00,16.009,711.42,10.91,16.195,770.59,3.84,1.16,8.50,-7.07,2.176
2,16.00,16.088,674.40,15.49,16.246,726.10,9.39,0.98,7.86,-6.10,2.176
2,13.20,13.165,803.55,0.00,13.165,803.55,0.00,0.00,0.08,0.00,2.228
2,13.20,13.241,799.33,1.57,13.240,811.53,-0.99,-0.01,1.61,-2.57,2.019
2,13.20,13.152,778.49,4.00,13.156,809.98,-0.80,0.03,4.13,-4.80,2.057
2,13.20,13.114,757.06,6.53,13.116,806.36,-0.35,0.01,6.60,-6.88,2.067
2,13.20,13.093,685.35,15.35,13.034,733.43,8.73,-0.45,7.11,-6.62,2.072
2,13.20,13.180,593.09,26.73,12.144,547.69,31.84,-7.85,-7.54,5.11,2.078
2,10.80,10.753,804.75,0.00,10.753,804.75,0.00,0.00,0.12,0.00,2.271
2,10.80,10.794,786.73,2.09,10.791,803.38,0.17,-0.03,2.23,-1.92,2.020
2,10.80,10.805,769.17,4.35,10.799,803.53,0.15,-0.05,4.59,-4.20,2.031
2,10.80,10.711,728.01,9.56,10.741,787.29,2.17,0.28,8.27,-7.39,2.038
2,10.80,10.805,639.05,20.74,10.044,646.45,19.67,-7.04,1.30,-1.07,2.053
2,10.80,10.795,546.65,32.33,9.703,460.86,42.73,-10.12,-15.52,10.40,2.062
2,10.80,10.808,490.52,39.42,9.233,383.03,52.40,-14.58,-21.73,12.98,2.076
2,8.80,8.811,805.76,0.00,8.811,805.76,0.00,0.00,0.10,0.00,2.262
2,8.80,8.852,789.42,1.67,8.848,802.72,0.38,-0.04,1.79,-1.29,2.010
2,8.80,8.859,768.87,4.19,8.854,802.04,0.46,-0.06,4.42,-3.73,2.007
2,8.80,8.826,735.36,8.35,8.806,795.46,1.28,-0.22,8.28,-7.07,2.003
2,8.80,8.872,657.92,18.02,8.440,687.18,14.72,-4.87,4.57,-3.30,2.004
2,8.80,8.775,610.21,23.97,7.790,580.90,27.91,-11.22,-4.67,3.94,1.997
2,8.80,8.802,494.20,38.52,7.220,398.63,50.53,-17.97,-19.17,12.01,1.998
2,8.80,8.790,441.08,45.18,7.346,346.64,56.98,-16.42,-21.23,11.80,2.004
2,7.30,7.258,806.52,0.00,7.258,806.52,0.00,0.00,0.08,0.00,2.247
2,7.30,7.327,780.23,2.30,7.314,799.16,0.91,-0.17,2.51,-1.39,1.917
2,7.30,7.332,753.81,5.65,7.316,798.02,1.05,-0.22,5.95,-4.60,1.912
2,7.30,7.201,714.77,10.59,7.119,774.50,3.97,-1.14,8.45,-6.62,1.908
2,7.30,7.227,651.48,18.59,6.501,657.30,18.50,-10.05,0.99,-0.09,1.902
2,7.30,7.285,601.65,24.91,6.127,557.32,30.90,-15.89,-7.26,5.98,1.903
2,7.30,7.271,547.73,31.75,5.789,456.70,43.37,-20.38,-16.50,11.62,2.651
2,7.30,7.280,477.30,40.55,5.762,384.76,52.29,-20.86,-19.26,11.74,1.925
2,7.30,7.389,427.16,46.91,6.078,340.66,57.76,-17.74,-20.10,10.85,1.938
2,7.30,7.442,383.61,52.41,6.303,306.87,61.95,-15.30,-19.84,9.54,2.709
2,7.30,7.302,300.04,62.89,6.278,242.49,69.93,-14.03,-18.97,7.04,1.978
2,5.90,5.960,807.29,0.00,5.960,807.29,0.00,0.00,0.11,0.00,2.263
2,5.90,5.920,779.50,2.36,5.918,798.43,1.10,-0.04,2.55,-1.26,1.904
2,5.90,5.930,763.46,4.36,5.922,797.87,1.17,-0.13,4.63,-3.20,1.903
2,5.90,5.905,727.14,8.92,5.824,786.48,2.58,-1.39,8.29,-6.34,1.897
2,5.90,5.887,692.27,13.30,5.488,733.99,9.08,-6.78,6.16,-4.22,1.889
2,5.90,5.973,543.06,32.08,4.388,449.47,44.32,-26.53,-17.06,12.24,1.897
2,5.90,6.088,461.56,42.40,4.763,375.14,53.53,-21.77,-18.52,11.13,1.875
2,5.90,5.900,417.57,47.95,4.957,341.39,57.71,-15.99,-18.02,9.76,1.858
2,5.90,5.936,365.83,54.48,5.151,298.53,63.02,-13.23,-18.15,8.54,1.838
2,4.80,4.908,807.72,0.00,4.908,807.72,0.00,0.00,0.10,0.00,2.238
2,4.80,4.756,784.85,1.53,4.755,797.66,1.24,-0.01,1.74,-0.28,1.742
2,4.80,4.784,753.70,5.47,4.732,792.76,1.85,-1.09,5.29,-3.62,1.739
2,4.80,4.867,727.49,8.79,4.690,771.43,4.49,-3.64,6.15,-4.30,1.737
2,4.80,4.827,647.84,18.86,3.792,612.73,24.14,-21.44,-5.29,5.28,1.741
2,4.80,4.822,557.03,30.32,3.352,466.44,42.25,-30.47,-16.11,11.93,1.753
2,4.80,4.999,533.75,33.65,3.538,446.69,44.70,-29.23,-16.15,11.04,2.692
2,4.80,4.858,490.64,38.70,3.597,406.65,49.65,-25.96,-16.95,10.96,1.765
2,4.80,4.951,378.11,52.87,4.207,314.10,61.11,-15.04,-16.71,8.25,1.782
2,4.80,4.904,298.63,62.89,4.406,251.11,68.91,-10.16,-15.64,6.02,1.808
2,4.00,4.009,808.16,0.00,4.009,808.16,0.00,0.00,0.13,0.00,2.258
2,4.00,3.900,783.32,1.70,3.910,797.28,1.35,0.26,1.92,-0.36,1.717
2,4.00,3.932,758.57,4.82,3.896,792.94,1.88,-0.91,4.67,-2.93,1.715
2,4.00,4.194,724.01,9.17,3.777,743.11,8.05,-9.93,2.79,-1.12,1.717
2,4.00,4.004,643.95,19.28,3.085,588.19,27.22,-22.94,-8.49,7.94,1.713
2,4.00,3.997,571.52,28.43,2.951,484.39,40.06,-26.17,-15.06,11.63,1.691
2,4.00,4.104,532.30,33.41,2.928,446.57,44.74,-28.66,-15.91,11.34,1.672
2,4.00,4.109,451.92,43.61,3.034,374.34,53.68,-26.15,-16.93,10.07,1.615
